#  t             x             y         z vx           vy          vz lat lon           alt         vit          pen         azi
99.6682481 6363.288182 678.1167799 3670.859601 -0.528744029 6.784053941 -0.365107645 29.9836624 6.082884067 1004.605039 6.814415728 -0.127719225 93.47260013
199.3364962 6284.387212 1350.353521 3616.401763 -1.053541757 6.695659908 -0.726828423 29.50511266 12.12699802 1002.340263 6.81689749 -0.253955549 96.89225284
299.0047443 6153.540728 2010.870121 3526.20063 -1.570458063 6.549004653 -1.081794249 28.71666535 18.09649187 998.5930546 6.821002806 -0.377246362 100.2088226
398.6729924 5971.729459 2653.906485 3401.095807 -2.075580766 6.345092608 -1.426674968 27.63135641 23.96092265 993.4042266 6.826685666 -0.496169341 103.3773621
498.3412405 5740.322384 3273.822826 3242.256099 -2.565033538 6.08533417 -1.758198221 26.26622322 29.69699309 986.8302947 6.833882498 -0.609361847 106.3597366
598.0094886 5461.07244 3865.140312 3051.172719 -3.034990509 5.771549296 -2.073170344 24.64133931 35.28941478 978.9428534 6.842512984 -0.715539425 109.1253664
697.6777367 5136.110682 4422.582067 2829.650349 -3.481693043 5.405971259 -2.368498577 22.7788492 40.73095425 969.8277806 6.852481099 -0.813513103 111.6511451
797.3459848 4767.938639 4941.114542 2579.795912 -3.901469116 4.991249942 -2.641214772 20.70210886 46.02185004 959.5842712 6.863676327 -0.902205209 113.9207189
897.0142329 4359.418594 5415.98915 2304.004908 -4.290755624 4.530453927 -2.888500743 18.43499744 51.16884096 948.3237073 6.875975069 -0.980663391 115.9233695
996.682481 3913.761486 5842.784023 2004.945133 -4.646123848 4.02707051 -3.107715265 16.00142658 56.18403226 936.1683737 6.889242184 -1.048072565 117.652724
1096.350729 3434.512111 6217.445621 1685.537628 -4.964308184 3.485002722 -3.296422628 13.42504305 61.0837737 923.2500305 6.903332664 -1.103764531 119.1054718
1196.018977 2925.531304 6536.329863 1348.934722 -5.242238074 2.908562358 -3.452422543 10.72910191 65.88765959 909.7083608 6.91809341 -1.147225001 120.2802
1295.687225 2390.974773 6796.24231 998.4950289 -5.477072917 2.302457993 -3.57378101 7.93647899 70.6177024 895.6893107 6.933365074 -1.178097852 121.176408
1395.355473 1835.268342 6994.476876 637.75535 -5.666239565 1.671777012 -3.658861673 5.069790542 75.29768789 881.3433499 6.948983949 -1.196186451 121.7937222
1495.023722 1263.07933 7128.852398 270.3994497 -5.807471791 1.021960728 -3.706356978 2.151591074 79.95268994 866.8236781 6.964783872 -1.201451982 122.131308
1594.69197 679.2839498 7197.746359 -99.77623163 -5.898850931 0.358771799 -3.715318363 -0.795375218 84.60870569 852.2844101 6.980598115 -1.194008807 122.1874694
1694.360218 88.93062505 7200.124948 -468.8997877 -5.938846703 -0.311746647 -3.685184551 -3.747890133 89.29236084 837.8787736 6.996261238 -1.174116972 121.9594278
1794.028466 -502.8007172 7135.568617 -833.0637394 -5.926357055 -0.983320548 -3.615806932 -6.681962812 94.03062777 823.7573527 7.011610872 -1.142172115 121.4432809
1893.696714 -1090.643223 7004.29227 -1188.36727 -5.860745702 -1.649503157 -3.507470967 -9.572535801 98.85049323 810.0664126 7.02648941 -1.098693138 120.6341558
1993.364962 -1669.291255 6807.159216 -1530.960345 -5.741875979 -2.303741722 -3.360912499 -12.39321846 103.7785064 796.9463347 7.040745593 -1.044308124 119.5265838
2093.03321 -2233.451673 6545.688084 -1857.089168 -5.570139534 -2.939451932 -3.177327934 -15.11607728 108.8401343 784.5301895 7.054235954 -0.979739085 118.1151403
2192.701458 -2777.897647 6222.051981 -2163.142295 -5.346478447 -3.550099081 -2.958377286 -17.71152277 114.0588534 772.9424675 7.066826122 -0.90578618 116.3953955
2292.369706 -3297.524299 5839.069267 -2445.696668 -5.072399427 -4.129284516 -2.706179299 -20.14834476 119.4549192 762.297981 7.078391975 -0.823312085 114.3652165
2392.037954 -3787.405312 5400.185542 -2701.56274 -4.749978918 -4.67083558 -2.423297988 -22.39395899 125.0437942 752.7009421 7.088820626 -0.733227197 112.0264296
2491.706203 -4242.849557 4909.446568 -2927.827813 -4.381858186 -5.168896954 -2.112720267 -24.41493352 130.8342832 744.2442124 7.098011257 -0.636476251 109.3867834
2591.374451 -4659.4567 4371.462113 -3121.896695 -3.971227729 -5.618021096 -1.777824562 -26.17785412 136.8265344 737.0087157 7.1058758 -0.53402686 106.4620495
2691.042699 -5033.170712 3791.360937 -3281.528799 -3.521800735 -6.013255319 -1.422340673 -27.65055674 143.0102044 731.0629944 7.112339485 -0.426860314 103.27796
2790.710947 -5360.33019 3174.737361 -3404.870813 -3.037775664 -6.350223021 -1.050301447 -28.80369302 149.3632144 726.462889 7.117341254 -0.315964782 99.87154984
2890.379195 -5637.714422 2527.590132 -3490.484192 -2.523788432 -6.625196681 -0.665987154 -29.61250756 155.8515907 723.2513169 7.12083408 -0.202330893 96.29141438
2990.047443 -5862.584205 1856.254522 -3537.366786 -1.984855068 -6.835160408 -0.27386375 -30.05861056 162.4307884 721.4581276 7.122785186 -0.086949437 92.59647843
3089.715691 -6032.716522 1167.328787 -3544.96807 -1.42630607 -6.977860119 0.121483547 -30.13146365 169.0486267 721.1000122 7.123176195 0.029189218 88.85315271
3189.383939 -6146.432327 467.5963121 -3513.197586 -0.853713989 -7.051839813 0.515419728 -29.8292979 175.6495432 722.1804543 7.122003217 0.145094575 85.1311684
3289.052187 -6202.616841 -236.0551194 -3442.426381 -0.272816048 -7.056462867 0.903330764 -29.15927301 -177.8205267 724.6897104 7.119276878 0.259774971 81.49878676
3388.720435 -6200.731982 -936.7154102 -3333.481405 0.310566242 -6.991917763 1.280693865 -28.13684281 -171.4095499 728.6048217 7.115022289 0.372236771 78.01828832
3488.388684 -6140.820709 -1627.53402 -3187.633003 0.890608381 -6.859208205 1.643145431 -26.78446275 -165.1558852 733.8896604 7.109278964 0.481484472 74.74255229
3588.056932 -6023.50331 -2301.800095 -3006.575824 1.461563032 -6.660128092 1.986544999 -25.12989526 -159.0863216 740.4950276 7.102100656 0.586522332 71.71318804
3687.72518 -5849.965839 -2953.01938 -2792.403616 2.017836993 -6.397222338 2.307033666 -23.20440437 -153.2156943 748.3588187 7.09355511 0.686358009 68.96024648
3787.393428 -5621.94112 -3574.986587 -2547.578534 2.554063172 -6.073734956 2.601085673 -21.04108763 -147.5477612 757.4062823 7.083723716 0.780008522 66.50319529
3887.061676 -5341.682893 -4161.852024 -2274.895683 3.065165922 -5.693546231 2.865552134 -18.67350485 -142.0768633 767.5503942 7.072701029 0.866508649 64.35268045
3986.729924 -5011.933833 -4708.181502 -1977.443737 3.54641845 -5.261101075 3.097696185 -16.13466913 -136.7899031 778.6923715 7.060594168 0.944921701 62.5126068
4086.398172 -4635.888292 -5209.008762 -1658.562491 3.993491307 -4.781330855 3.295219176 -13.4563933 -131.6682877 790.7223463 7.047522045 1.014352374 60.98218177
4186.06642 -4217.150668 -5659.879879 -1321.798253 4.402491356 -4.259571067 3.456277825 -10.66894119 -126.6896269 803.5202106 7.033614449 1.073961257 59.75770716
4285.734668 -3759.690387 -6056.889354 -970.8579719 4.76999099 -3.7014772 3.579492598 -7.800917114 -121.8290979 816.9566416 7.019010953 1.122980425 58.83402393
4385.402916 -3267.794443 -6396.707826 -609.5629459 5.093047723 -3.112941 3.663947807 -4.879327123 -117.0604746 830.8943041 7.003859672 1.160729446 58.20559681
4485.071165 -2746.018461 -6676.60153 -241.8029014 5.369214598 -2.500009137 3.709184201 -1.929755719 -112.3568683 845.1892204 6.988315857 1.186631137 57.86726959
4584.739413 -2199.13714 -6894.443859 128.5088515 5.596542139 -1.868805994 3.715184948 1.023386341 -107.6912463 859.692289 6.972540352 1.20022638 57.81473778
4684.407661 -1632.094893 -7048.719482 497.4785795 5.773572804 -1.22546197 3.682356055 3.956576336 -103.0368039 874.2509295 6.956697929 1.201187384 58.04478351
4784.075909 -1049.957358 -7138.521636 861.273104 5.899329018 -0.576048316 3.611502322 6.846880944 -98.36725914 888.7108212 6.940955521 1.189328869 58.55530662
4883.744157 -457.8643862 -7163.543285 1216.158206 5.973296 0.073480799 3.503799918 9.671664796 -93.65713719 902.9177042 6.925480373 1.164616754 59.34517162
5083.080653 735.5257557 -7020.925454 1884.9683 5.965987197 1.349948983 3.184230873 15.03406924 -84.0193986 929.9666672 6.895990991 1.077283807 61.76103393
